format long e
x=29/13
y=29-13*x
x1=29/1300
y2=29-1300*x1